00017201602221627338050490
00004198805051028135043569
00019199307090307147092319
00017200709311354489051599
00004201502192332468062336
00016200008230834230092461
00018199610081648291013521
00015199612241629329067431
00018199508090824008098603
00006198512241915323005124
00001199905040750416081679
00001198207260947134013445
00009198711050705101054540
00016199605251055078087661
00020199310311716287096479
00010201505141956008039092
00017199009260201167073634
00003200709091858344006172
00014199910250201187093641
00002201502240335319073029
00015198305020328477031118
00006198004041810301051030
00019199507110048161074488
00014201609050118200052561
00003198105110656166079063
00012200304082324274086075
00007201411031501164057145
00017198405231618190083455
00020200603172324144012354
00010201511120134305049239
00010201104271813406074618
00005199405090233345062601
00020200410312055337084071
00006201407032154032093477
00007199707250425259078446
00008199304032346021019044
00015198605022215458100361
00018199212210401190069294
00008199808191734331014330
00006201007110408259094149
00002199005100552132089576
00019199204301441465056400
00003201210140553423078458
00014200708290331137048600
00013198304232034003097135
00001201107101208172043046
00017199001311632297000094
00016201510212319292032425
00004199104220549149079203
00003200806301921316068103
00020201411160132365086263
00001198302250311049049022
00019200512060827382054666
00001201112201146260023564
00006198508300957486012563
00018197910151449027023285
00017200409131808289048493
00020199508141807016024000
00019199104170843049047161
00011201605251903191042041
00007201207240846471062044
00010200604261509230028003
00011198905092208309073004
00006198211090257405096022
00001201109121823290025396
00002198002231349185038278
00009200402301319096030012
00014198612312248142098157
00005198307201137210008230
00016201105281030359036122
00005198610150539100065155
00016199102300316423095186
00008201305100025036080605
00010200005301402074055372
00014201503130152398093433
00007198307121738090084269
00019199111230301300084271
00016199904300538020079015
00014200510200500164024260
00006199512100226426043582
00016201412172228126041036
00019198409122033409014397
00006198811072244299012465
00011201008300206200003633
00008198211190429000000271
00014199610291429440047457
00004201304091125442061592
00016199404182124146050055
00003201312120210233067644
00013201410102127369041540
00006200505040534101031585
00008198208260219118092290
00004200811210040473088689
00010201012031853321013067
00015200305070654241010304
00008198705130851083007251
00005199902101339368010482
00003200705261527302041698
00013198004040821026010194
00014198701150359150028337
00009200608251244393053366
00008201207301850475060391
00016198005120921233038672
00007198308071836239023429
00001197912160211139065054
00015200801170212461062060
00002198804271848148034287
00018201511030820196053317
00014198604301038150071059
00001200512041941140015147
00008199806031445208051055
00020198802161538021007240
00004201611040026459004363
00018199811020958245023560
00003198304241614047048308
00017200605232336399003020
00011200606141041486085527
00001199206131243068080106
00004198311131633088094474
00001198703110628096079463
00004200310291831231036503
00009198312211820490012330
00011200309101404242008259
00002200604261414429092446
00014200401060206412055280
00002198008211750437001335
00004200705032006029096524
00001200704310251037072331
00008200304180256230097118
00009201210262027012020257
00018200307311230241008609
00005201403261636448030435
00010198212200053310099040
00010198403011437330019546
00019198003041137380004294
00015199602191400358079595
00011198612010202064039689
00011200805241224319083521
00013198912301459303081292
00007201602101559087052208
00006200005082042053049311
00005198612071917063072053
00012199704161626453085328
00010198211170430036079381
00011200811140450398075057
00011200806020100356056505
00010198502191359309091092
00013200112050032280067576
00012200503231340246013311
00019200905060007049019142
00014198006301106264081519
00020198711200344309063523
00003199912250302020066628
00008199502181345440064195
00001200301061426081091272
00005200405141829373076292
00019200503222029290073176
00018200507311046052095585
00007198906100718091080362
00008199201011219373026014
00010200905270458098015103
00019201304140144155033259
00020199706260031479016202
00010200803260847123072430
00018198111140120181053255
00017198107110934393099650
00012200804101813196049419
00019200601270309487018286
00001201512201801479034160
00008198301090828471016593
00016200212222033370057265
00004198603100328413011325
00015198307011109381028001
00010198805132203421063700
00003201007150406266039378
00009198008150303370083308
00017199709300006317076480
00016198501160133438061554
00003199007210908185056692
00010201212211110400072105
00010197902301811349012368
00005198212170839128055108
00020199107301626394088123
00020200302080016454052329
00014198906212214286006377
00003198604220650013029125
00007198910041312373043159
00007198508080353286077429
00016201403041716250069198
00003201109181926396010512
00007200706191725013085051
00006200503180958410012601
00007201501020642237058667
00015200409121621361054329
00013199506040259462054588
00010199106121303394087474
00009201308110704403079001
00005198909101325300074229
00012199103151913248051309
00002198408040342121040509
00014201108162109468065216
00006198402211857174077631
00015199607020441053068570
00018200212100054026029336
00017199801061538067001596
00002199903221813400027552
00007199307211552372099000
00007198807140517013026512
00005201103031438259044506
00002198512141157366063334
00007201009240534091073283
00013199912072330423086118
00011199601262339143019261
00004200910131444178045166
00015200309121151455070075
00008201104051248090042444
00013199205031614349080021
00017199505061830306003668
00012199201171730068099584
00020198104240254477040447
00013201605032034220041227
00010198201041630195071108
00005200104040909102030657
00014199309050639212011073
00004200102272125255059259
00005200604171247174091453
00015200003311808169004679
00017198310090019369062122
00003201303201647365071465
00005199511311748007013397
00020198603010152360065546
00005200705010638184051229
00016201107181309438071341
00012198205080238269069613
00002198606290423441044066
00013199908021854129039034
00014201409142059473015248
00017199302282210094004202
00016198108131951100027033
00001198311262313077039446
00018200407181112073004153
00005200810292002493079014
00001200204082229286068284
00001198605030544261088135
00020201410010024282048282
00013199805280208435023320
00001199801201356129051224
00011199501201727458026421
00001199212100237348077572
00015200302270230087026625
00005201110310254307016450
00016198310170849423032540
00001198001031825409095695
00012201610192149012062439
00010201305161441272070634
00003200211270107125088509
00009199011131642017020236
00019199602241932442048129
00003200301151733047091589
00009198403020930392078579
00011200709050305485020312
00015198208250304325032339
00020197901080221014038385
00006198208220546106032098
00004201312160828447006216
00013197904030613160067564
00017201204061232044097574
00013200208251933237052554
00007199408311427465054140
00006199309250602041084182
00019201304090805064061353
00009201311130824187023197
00007200708141825170023023
00019199705271754186096569
00010200603161217068029584
00006200702261931340082270
00016198302210117476087135
00017200301081703386062195
00020199403230108378077267
00008199812120039500040434
00004198301162030361020529
00018199302131629039083667
00016201512111420243081222
00016200610220417172005665
00020200611011241111017207
00001199311290148373085664
00006200706230915363018513
00004201404161032280028499
00002198911142318357009187
00020199706141838183061187
00009200906050242452090542
00012200503092253486078246
00002198702100026131014015
00012201501040737437078427
00013198707060211294044456
00005201308280650157024413
00020200105191018254051001
00010201309210242084087356
00006200604031727221068267
00013198207270208310085286
00006201311240145044012466
00002199405261930441005225
00008200805041139195014069
00018198406070158106009224
00013199605060330323032064
00009199008192223116042421
00016200411050322225063147
00002198403052358468068663
00010198111241017409037424
00008199605120649177064175
00001199010270948135017107
00011198901191734119097179
00019201311272140086062437
00011198005022200174047359
00002198707021222092018552
00008199708031439500067461
00006200007292357136002322
00004200606161159075092541
00011200212212351226044239
00018198306100755119044306
00003200206031226390028197
00007198201280103474033261
00012200304291645055012532
00007200105111436218074660
00003198102210238356017676
00020198805200218008003035
00008198601180451239097440
00010199509202015452085402
00015200112160454055044323
00019201005060059363095005
00014201307081843475090144
00003198602192230164084163
00015199507041642402028460
00007197907080810243064670
00015199711212136328010531
00013200601262215185001555
00013199605191754460044291
00013199004231849372076262
00011198912101553422077336
00003198212281833399094516
00017201408082354207062220
00020200203121332063017228
00009197912040524300087042
00003198704010524013096037
00015198702041625305062244
00017200701092023185082394
00007200303121443191099697
00004198302180931464043312
00017198212120509272032363
00017199009182211237006216
00011201401221020394015175
00009198404291512157081632
00008201008261346078007364
00016199210230642376070460
00017200909101640449027392
00009198508062234445086297
00009200907070136120094276
00013199602061648357086542
00019201005092023173045361
00006197902250707207009095
00014198007250941423003652
00018201511011409356065487
00002201309042119441089319
00010198801200436453098482
00007201606091721352025365
00004200303122224057071506
00015198107092250449066591
00019201012030849497092021
00012199811090950187064238
00003201305062002354046115
00018199303090756112003326
00004200408291039433093535
00013201210210444018015318
00010198107011520373070315
00008199711070452448093676
00011199803040207212023067
00017197906291811412073257
00006200110180811485099568
00001198903152222203075077
00016199205290751214045558
00017201509160423027099030
00014198010061154092015687
00004200802242043460014175
00006198708101507147050479
00007198412091727454085109
00012198901050748150035542
00018199104011933344061368
00007198711162344367073365
00001198210050814289056045
00008198902040806416067026
00017199406171626272033415
00002199104250426002079394
00004199503290216303028430
00018199201162109355034576
00016200603242137481022633
00020199204011903280007139
00005200107161540320035093
00003200307020529284063354
00017200404312346042088423
00008200805281241019043452
00020199202162049461010501
00013201601111900325097639
00006201006042120073062511
00020200709210436203007401
00002201101311336319013462
00016199709031929025090464
00011201301141532355059671
00011199710041840327097006
00011201004030603022053347
00009200803031136375044324
00013199304310710160032326
00009199508271422202059259
00014199504110800314074421
00009199305162337102075082
00004198309241410358022500
00008200212101001020047096
00010199007240731327086196
00020198006231847495002226
00008199408130957196014286
00019199506080159467048395
00018200903091206179047532
00005199304211719216075430
00005198601231633475006584
00020200402300501486084416
00001199202130704022071683
00012201412052250234044646
00019201406212106401017589
00020200704301831098004598
00007199302200508396016636
00003201104181047419012542
00003200104061902330010691
00015200211061053116039417
00012201407181557081080149
00019201510202050026031356
00020201111031037283039224
00001200601061521177100373
00010201307030301395093181
00002197910052200199016066
00001201207220019370004503
00008201209090138292078490
00020199510252326057020293
00012198806261754386069249
00007198504111607275062243
00017198508292214256009076
00015200712010812423086000
00014198002242115134007447
00016198303310506500039340
00009199007300932372078397
00018199506270529241008528
00018198902071535271076554
00019201304281031453071083
00016198803302048436046329
00016199108241604224046429
00020199710282050195027450
00005199711300000182080221
00005201408021537306091081
00013200408220604312043102
00007198701240325364080216
00005198511091345161001086
00017200910200422222099162
00001198007271209487045403
00009199504302333417073190
00009201102020525222006202
00020199607050945301055174
00015199412142050111024235
00013198903310035430014385
00010200306280504098045465
00015198107101511468039629
00012201302171740169057317
00002200404221048490037646
00014200706070234005083214
00018198803310208384027059
00002198512151039128026227
00006199610061607352082051
00012200404080550447085238
00003200602130153170036395
00008199710210431339007673
00004198109241846038092694
00002198703081826424034486
00002200510070002461012424
00011200611200307327020604
00006200508281219089079364
00001199504261626406055182
00001200201222158408096611
00014200704180857423069652
00003199701190605187068065
00006200712102136433061637
00002199705191117374086645
00001199007162332460057380
00001200311211903211008244
00007199204121240140059535
00001200403201825382055502
00019199912241049497097541
00004199710120732185043404
00009200610311351133086143
00018201011120755113067584
00004200705232215432050018
00014199208270421448065508
00018198702032013500095664
00005200008270531415074392
1	Jan Campinas, SP
2	Feb Florianopolis, SC
3	Mar Rio de Janeiro, RJ
4	Apr Campo Grande, MS
5	May Paranavai, PR
6	Jun Amparo, SP
7	Jul Ubatuba, SP
8	Aug Guaruja, SP
9	Sep Porto Velho, RO
10	Oct Brasilia, DF
11	Nov Sao Paulo, SP
12	Dec Campinas, SP
13	Campo Grande, MS
14	Campo Grande, MS
15	Campo Grande, MS
16	Campo Grande, MS
17	Brasilia, DF
18	Paranavai, PR
19	Campinas, SP
20	Paranavai, PR
